       <function A at 0x2b6f668> | param=(1,)
000000000000000000000
000000000000000000000
000000000000000000000
000000000000000000000
000000000000000000000
000000000000000000000
000000000000000000000
000000000000000000000
000000000000000000000
111111111111111111111
111111111111111111111
111111111111111111111
111111111111111111111
111111111111111111111
111111111111111111111
111111111111111111111
111111111111111111111
111111111111111111111
111111111111111111111
111111111111111111111
111111111111111111111
       <function B at 0x2b6f6e0> | param=(array([1, 1]), 2.5)
111111111111111111111
111111111111111111111
111111111111111111111
011111111111111111111
001111111111111111111
000111111111111111111
000011111111111111111
000001111111111111111
000000111111111111111
000000011111111111111
000000001111111111111
000000000111111111111
000000000011111111111
000000000001111111111
000000000000111111111
000000000000011111111
000000000000001111111
000000000000000111111
000000000000000011111
000000000000000001111
000000000000000000111
       <function C at 0x2b6f758> | param=(array([0, 2]), 5, 2)
000000000000000000000
000000000000000000000
000000000000000000000
000000000010000000000
000000011111110000000
000000111111111000000
000000111111111000000
000000111111111000000
000001111111111100000
000000111111111000000
000000111111111000000
000000111111111000000
000000011111110000000
000000000010000000000
000000000000000000000
000000000000000000000
000000000000000000000
000000000000000000000
000000000000000000000
000000000000000000000
000000000000000000000
       <function D at 0x2b6f7d0> | param=(array([[2, 1],
       [1, 1]]), array([0, 0]), -16)
111111111111111111111
111111111111111111111
111111111111111111111
111111111111111111111
111111111111111111111
111111100111111111111
111111100011111111111
111111100001111111111
111111100000111111111
111111100000011111111
111111110000011111111
111111110000001111111
111111111000001111111
111111111100001111111
111111111110001111111
111111111111001111111
111111111111111111111
111111111111111111111
111111111111111111111
111111111111111111111
111111111111111111111
    <function ring at 0x2b6f848> | param=(array([0, 2]), 6, 2)
000000000010000000000
000000011111110000000
000001111111111100000
000011111111111110000
000011111101111110000
000111110000011111000
000111100000001111000
000111100000001111000
001111000000000111100
000111100000001111000
000111100000001111000
000111110000011111000
000011111101111110000
000011111111111110000
000001111111111100000
000000011111110000000
000000000010000000000
000000000000000000000
000000000000000000000
000000000000000000000
000000000000000000000
    <function rect at 0x2b6f8c0> | param=(array([1, 2]), array([3, 4]))
000000000000000000000
000000000000000000000
000000000000000000000
000000000000000000000
000000000000000000000
000000000000000000000
000000000011100000000
000000000011100000000
000000000011100000000
000000000011100000000
000000000011100000000
000000000000000000000
000000000000000000000
000000000000000000000
000000000000000000000
000000000000000000000
000000000000000000000
000000000000000000000
000000000000000000000
000000000000000000000
000000000000000000000
