<function rect at 0x7ffb5e44a938> | param=(array([0, 0]), array([2, 2]))
000000000000000000000
000000000000000000000
000000000000000000000
000000000000000000000
000000000000000000000
000000000000000000000
000000000000000000000
000000000000000000000
000000000000000000000
000000000111000000000
000000000111000000000
000000000111000000000
000000000000000000000
000000000000000000000
000000000000000000000
000000000000000000000
000000000000000000000
000000000000000000000
000000000000000000000
000000000000000000000
000000000000000000000
<function rect at 0x7ffb5e44a938> | param=(array([-3,  2]), array([ 4, 10]))
000000000000000000000
000000000000000000000
000000000000000000000
000001111100000000000
000001111100000000000
000001111100000000000
000001111100000000000
000001111100000000000
000001111100000000000
000001111100000000000
000001111100000000000
000001111100000000000
000001111100000000000
000001111100000000000
000000000000000000000
000000000000000000000
000000000000000000000
000000000000000000000
000000000000000000000
000000000000000000000
000000000000000000000
